
T: 0
IN_0: |1|0|0.017491005746003766|
IN_1: |2|1|0.08114491609734242|
WAIT_0:
OUT_0:


T: 0.017491005746003766
IN_0: |1|2|0.03983085956286396|
IN_1: |2|1|0.08114491609734242|
WAIT_0:
OUT_0: |1|0|0.017491005746003766|0.32692026526376616|0.3444112710097699


T: 0.03983085956286396
IN_0: |1|3|0.052992499810983|
IN_1: |2|1|0.08114491609734242|
WAIT_0: |1|0|0.017491005746003766|
OUT_0: |1|2|0.03983085956286396|0.12784921005220395|0.16768006961506793


T: 0.052992499810983
IN_0: |1|4|0.05344205203967962|
IN_1: |2|1|0.08114491609734242|
WAIT_0: |1|0|0.017491005746003766|
WAIT_0: |1|2|0.03983085956286396|
OUT_0: |1|3|0.052992499810983|0.05869385118800051|0.11168635099898351


T: 0.05344205203967962
IN_0: |1|5|0.4836202914642386|
IN_1: |2|1|0.08114491609734242|
WAIT_0: |1|0|0.017491005746003766|
WAIT_0: |1|2|0.03983085956286396|
WAIT_0: |1|3|0.052992499810983|
OUT_0: |1|4|0.05344205203967962|0.09997799800221648|0.1534200500418961


T: 0.08114491609734242
IN_0: |1|5|0.4836202914642386|
IN_1: |2|6|0.1383822792961226|
WAIT_0: |1|0|0.017491005746003766|
WAIT_0: |1|2|0.03983085956286396|
WAIT_0: |1|3|0.052992499810983|
WAIT_0: |1|4|0.05344205203967962|
OUT_0: |2|1|0.08114491609734242|0.14341987999108557|0.224564796088428


T: 0.1383822792961226
IN_0: |1|5|0.4836202914642386|
IN_1: |2|7|0.1529390646117689|
WAIT_0: |1|0|0.017491005746003766|
WAIT_0: |1|2|0.03983085956286396|
WAIT_0: |1|3|0.052992499810983|
WAIT_0: |1|4|0.05344205203967962|
WAIT_0: |2|1|0.08114491609734242|
OUT_0: |2|6|0.1383822792961226|0.06964522154007362|0.2080275008361962


T: 0.1529390646117689
IN_0: |1|5|0.4836202914642386|
IN_1: |2|8|0.30203093837527495|
WAIT_0: |1|0|0.017491005746003766|
WAIT_0: |1|2|0.03983085956286396|
WAIT_0: |1|3|0.052992499810983|
WAIT_0: |1|4|0.05344205203967962|
WAIT_0: |2|1|0.08114491609734242|
WAIT_0: |2|6|0.1383822792961226|
OUT_0: |2|7|0.1529390646117689|0.12886993355731768|0.28180899816908656


T: 0.28180899816908656
IN_0: |1|5|0.4836202914642386|
IN_1: |2|8|0.30203093837527495|
WAIT_0: |1|2|0.03983085956286396|
WAIT_0: |1|3|0.052992499810983|
WAIT_0: |1|4|0.05344205203967962|
WAIT_0: |2|1|0.08114491609734242|
WAIT_0: |2|6|0.1383822792961226|
OUT_0: |1|0|0.017491005746003766|0.28468922083708315|0.5664982190061697


T: 0.30203093837527495
IN_0: |1|5|0.4836202914642386|
IN_1: |2|9|0.5014048461076301|
WAIT_0: |1|2|0.03983085956286396|
WAIT_0: |1|3|0.052992499810983|
WAIT_0: |1|4|0.05344205203967962|
WAIT_0: |2|1|0.08114491609734242|
WAIT_0: |2|6|0.1383822792961226|
WAIT_0: |1|0|0.017491005746003766|
OUT_0: |2|8|0.30203093837527495|0.19323594359471108|0.49526688196998603


T: 0.4836202914642386
IN_0: |1|10|0.6372412203705433|
IN_1: |2|9|0.5014048461076301|
WAIT_0: |1|2|0.03983085956286396|
WAIT_0: |1|3|0.052992499810983|
WAIT_0: |1|4|0.05344205203967962|
WAIT_0: |2|1|0.08114491609734242|
WAIT_0: |2|6|0.1383822792961226|
WAIT_0: |1|0|0.017491005746003766|
WAIT_0: |2|8|0.30203093837527495|
OUT_0: |1|5|0.4836202914642386|0.07710888708585642|0.5607291785500951

