
T: 0
IN_0: |1|0|6.761657381902108|-1|-1|-1|
IN_1: |2|1|2.498637703992596|-1|-1|-1|
WAIT_0:
WAIT_0:
OUT_0:


T: 2.498637703992596
IN_0: |1|0|6.761657381902108|-1|-1|-1|
IN_1: |2|2|3.2080317973226293|-1|-1|-1|
WAIT_0:
WAIT_0:
OUT_0: |2|1|2.498637703992596|8.366555075201891|10.865192779194487|2.498637703992596|


T: 3.2080317973226293
IN_0: |1|0|6.761657381902108|-1|-1|-1|
IN_1: |2|3|32.29964916436647|-1|-1|-1|
WAIT_0: |2|2|3.2080317973226293|-1|-1|3.2080317973226293|
WAIT_0: |2|2|3.2080317973226293|-1|-1|3.2080317973226293|
OUT_0: |2|1|2.498637703992596|7.657160981871858|10.865192779194487|2.498637703992596|


T: 6.761657381902108
IN_0: |1|4|12.572629795867776|-1|-1|-1|
IN_1: |2|3|32.29964916436647|-1|-1|-1|
WAIT_0: |2|2|3.2080317973226293|-1|-1|3.2080317973226293|
WAIT_0: |2|2|3.2080317973226293|-1|-1|3.2080317973226293|
OUT_0: |2|1|2.498637703992596|4.103535397292379|10.865192779194487|2.498637703992596|


T: 10.865192779194487
IN_0: |1|4|12.572629795867776|-1|-1|-1|
IN_1: |2|3|32.29964916436647|-1|-1|-1|
WAIT_0:
WAIT_0:
OUT_0: |2|2|3.2080317973226293|19.783160577494478|30.648353356688965|10.865192779194487|


T: 12.572629795867776
IN_0: |1|5|13.392368759154406|-1|-1|-1|
IN_1: |2|3|32.29964916436647|-1|-1|-1|
WAIT_0: |1|4|12.572629795867776|-1|-1|12.572629795867776|
WAIT_0: |1|4|12.572629795867776|-1|-1|12.572629795867776|
OUT_0: |2|2|3.2080317973226293|18.07572356082119|30.648353356688965|10.865192779194487|


T: 13.392368759154406
IN_0: |1|6|14.138861461977362|-1|-1|-1|
IN_1: |2|3|32.29964916436647|-1|-1|-1|
WAIT_0: |1|4|12.572629795867776|-1|-1|12.572629795867776|
WAIT_0: |1|4|12.572629795867776|-1|-1|12.572629795867776|
OUT_0: |2|2|3.2080317973226293|17.255984597534557|30.648353356688965|10.865192779194487|


T: 14.138861461977362
IN_0: |1|7|14.287643486124445|-1|-1|-1|
IN_1: |2|3|32.29964916436647|-1|-1|-1|
WAIT_0: |1|4|12.572629795867776|-1|-1|12.572629795867776|
WAIT_0: |1|4|12.572629795867776|-1|-1|12.572629795867776|
OUT_0: |2|2|3.2080317973226293|16.5094918947116|30.648353356688965|10.865192779194487|


T: 14.287643486124445
IN_0: |1|8|26.55687200461976|-1|-1|-1|
IN_1: |2|3|32.29964916436647|-1|-1|-1|
WAIT_0: |1|4|12.572629795867776|-1|-1|12.572629795867776|
WAIT_0: |1|4|12.572629795867776|-1|-1|12.572629795867776|
OUT_0: |2|2|3.2080317973226293|16.36070987056452|30.648353356688965|10.865192779194487|


T: 26.55687200461976
IN_0: |1|9|26.73642463092204|-1|-1|-1|
IN_1: |2|3|32.29964916436647|-1|-1|-1|
WAIT_0: |1|4|12.572629795867776|-1|-1|12.572629795867776|
WAIT_0: |1|4|12.572629795867776|-1|-1|12.572629795867776|
OUT_0: |2|2|3.2080317973226293|4.091481352069206|30.648353356688965|10.865192779194487|


T: 26.73642463092204
IN_0: |1|10|28.14986875567994|-1|-1|-1|
IN_1: |2|3|32.29964916436647|-1|-1|-1|
WAIT_0: |1|4|12.572629795867776|-1|-1|12.572629795867776|
WAIT_0: |1|4|12.572629795867776|-1|-1|12.572629795867776|
OUT_0: |2|2|3.2080317973226293|3.9119287257669235|30.648353356688965|10.865192779194487|


T: 28.14986875567994
IN_0: |1|11|32.56994048761193|-1|-1|-1|
IN_1: |2|3|32.29964916436647|-1|-1|-1|
WAIT_0: |1|4|12.572629795867776|-1|-1|12.572629795867776|
WAIT_0: |1|4|12.572629795867776|-1|-1|12.572629795867776|
OUT_0: |2|2|3.2080317973226293|2.498484601009025|30.648353356688965|10.865192779194487|


T: 30.648353356688965
IN_0: |1|11|32.56994048761193|-1|-1|-1|
IN_1: |2|3|32.29964916436647|-1|-1|-1|
WAIT_0:
WAIT_0:
OUT_0: |1|4|12.572629795867776|2.334996564564377|32.98334992125334|30.648353356688965|


T: 32.29964916436647
IN_0: |1|11|32.56994048761193|-1|-1|-1|
IN_1: |2|12|33.86527182659092|-1|-1|-1|
WAIT_0: |2|3|32.29964916436647|-1|-1|32.29964916436647|
WAIT_0: |2|3|32.29964916436647|-1|-1|32.29964916436647|
OUT_0: |1|4|12.572629795867776|0.6837007568868714|32.98334992125334|30.648353356688965|


T: 32.56994048761193
IN_0: |1|13|48.806670516986394|-1|-1|-1|
IN_1: |2|12|33.86527182659092|-1|-1|-1|
WAIT_0: |2|3|32.29964916436647|-1|-1|32.29964916436647|
WAIT_0: |2|3|32.29964916436647|-1|-1|32.29964916436647|
OUT_0: |1|4|12.572629795867776|0.41340943364141225|32.98334992125334|30.648353356688965|


T: 32.98334992125334
IN_0: |1|13|48.806670516986394|-1|-1|-1|
IN_1: |2|12|33.86527182659092|-1|-1|-1|
WAIT_0:
WAIT_0:
OUT_0: |2|3|32.29964916436647|3.659308767414076|36.64265868866742|32.98334992125334|


T: 33.86527182659092
IN_0: |1|13|48.806670516986394|-1|-1|-1|
IN_1: |2|14|46.91764623870322|-1|-1|-1|
WAIT_0: |2|12|33.86527182659092|-1|-1|33.86527182659092|
WAIT_0: |2|12|33.86527182659092|-1|-1|33.86527182659092|
OUT_0: |2|3|32.29964916436647|2.777386862076497|36.64265868866742|32.98334992125334|


T: 36.64265868866742
IN_0: |1|13|48.806670516986394|-1|-1|-1|
IN_1: |2|14|46.91764623870322|-1|-1|-1|
WAIT_0:
WAIT_0:
OUT_0: |2|12|33.86527182659092|5.5867310887558315|42.22938977742325|36.64265868866742|


T: 42.22938977742325
IN_0: |1|13|48.806670516986394|-1|-1|-1|
IN_1: |2|14|46.91764623870322|-1|-1|-1|
WAIT_0:
WAIT_0:
OUT_0:


T: 46.91764623870322
IN_0: |1|13|48.806670516986394|-1|-1|-1|
IN_1: |2|15|55.306018403345995|-1|-1|-1|
WAIT_0:
WAIT_0:
OUT_0: |2|14|46.91764623870322|4.237983603255843|51.15562984195906|46.91764623870322|


T: 48.806670516986394
IN_0: |1|16|53.46574397347321|-1|-1|-1|
IN_1: |2|15|55.306018403345995|-1|-1|-1|
WAIT_0: |1|13|48.806670516986394|-1|-1|48.806670516986394|
WAIT_0: |1|13|48.806670516986394|-1|-1|48.806670516986394|
OUT_0: |2|14|46.91764623870322|2.348959324972668|51.15562984195906|46.91764623870322|


T: 51.15562984195906
IN_0: |1|16|53.46574397347321|-1|-1|-1|
IN_1: |2|15|55.306018403345995|-1|-1|-1|
WAIT_0:
WAIT_0:
OUT_0: |1|13|48.806670516986394|1.6376467618620396|52.7932766038211|51.15562984195906|


T: 52.7932766038211
IN_0: |1|16|53.46574397347321|-1|-1|-1|
IN_1: |2|15|55.306018403345995|-1|-1|-1|
WAIT_0:
WAIT_0:
OUT_0:


T: 53.46574397347321
IN_0: |1|17|66.08051529780555|-1|-1|-1|
IN_1: |2|15|55.306018403345995|-1|-1|-1|
WAIT_0:
WAIT_0:
OUT_0: |1|16|53.46574397347321|6.096834984555554|59.562578958028766|53.46574397347321|


T: 55.306018403345995
IN_0: |1|17|66.08051529780555|-1|-1|-1|
IN_1: |2|18|56.137302421953414|-1|-1|-1|
WAIT_0: |2|15|55.306018403345995|-1|-1|55.306018403345995|
WAIT_0: |2|15|55.306018403345995|-1|-1|55.306018403345995|
OUT_0: |1|16|53.46574397347321|4.256560554682771|59.562578958028766|53.46574397347321|


T: 56.137302421953414
IN_0: |1|17|66.08051529780555|-1|-1|-1|
IN_1: |2|19|58.776927772255085|-1|-1|-1|
WAIT_0: |2|15|55.306018403345995|-1|-1|55.306018403345995|
WAIT_0: |2|15|55.306018403345995|-1|-1|55.306018403345995|
OUT_0: |1|16|53.46574397347321|3.4252765360753514|59.562578958028766|53.46574397347321|


T: 58.776927772255085
IN_0: |1|17|66.08051529780555|-1|-1|-1|
IN_1: |2|20|62.81735348703827|-1|-1|-1|
WAIT_0: |2|15|55.306018403345995|-1|-1|55.306018403345995|
WAIT_0: |2|15|55.306018403345995|-1|-1|55.306018403345995|
OUT_0: |1|16|53.46574397347321|0.7856511857736805|59.562578958028766|53.46574397347321|


T: 59.562578958028766
IN_0: |1|17|66.08051529780555|-1|-1|-1|
IN_1: |2|20|62.81735348703827|-1|-1|-1|
WAIT_0:
WAIT_0:
OUT_0: |2|15|55.306018403345995|14.946812104198948|74.5093910622277|59.562578958028766|


T: 62.81735348703827
IN_0: |1|17|66.08051529780555|-1|-1|-1|
IN_1: |2|21|64.13946539070184|-1|-1|-1|
WAIT_0: |2|20|62.81735348703827|-1|-1|62.81735348703827|
WAIT_0: |2|20|62.81735348703827|-1|-1|62.81735348703827|
OUT_0: |2|15|55.306018403345995|11.692037575189438|74.5093910622277|59.562578958028766|


T: 64.13946539070184
IN_0: |1|17|66.08051529780555|-1|-1|-1|
IN_1: |2|22|67.88590319691426|-1|-1|-1|
WAIT_0: |2|20|62.81735348703827|-1|-1|62.81735348703827|
WAIT_0: |2|20|62.81735348703827|-1|-1|62.81735348703827|
OUT_0: |2|15|55.306018403345995|10.369925671525863|74.5093910622277|59.562578958028766|


T: 66.08051529780555
IN_0: |1|23|89.31486171883317|-1|-1|-1|
IN_1: |2|22|67.88590319691426|-1|-1|-1|
WAIT_0: |2|20|62.81735348703827|-1|-1|62.81735348703827|
WAIT_0: |2|20|62.81735348703827|-1|-1|62.81735348703827|
OUT_0: |2|15|55.306018403345995|8.428875764422159|74.5093910622277|59.562578958028766|


T: 67.88590319691426
IN_0: |1|23|89.31486171883317|-1|-1|-1|
IN_1: |2|24|75.13163493184192|-1|-1|-1|
WAIT_0: |2|20|62.81735348703827|-1|-1|62.81735348703827|
WAIT_0: |2|20|62.81735348703827|-1|-1|62.81735348703827|
OUT_0: |2|15|55.306018403345995|6.62348786531345|74.5093910622277|59.562578958028766|


T: 74.5093910622277
IN_0: |1|23|89.31486171883317|-1|-1|-1|
IN_1: |2|24|75.13163493184192|-1|-1|-1|
WAIT_0:
WAIT_0:
OUT_0: |2|20|62.81735348703827|11.71777834971645|86.22716941194416|74.5093910622277|


T: 75.13163493184192
IN_0: |1|23|89.31486171883317|-1|-1|-1|
IN_1: |2|25|77.0416354387076|-1|-1|-1|
WAIT_0: |2|24|75.13163493184192|-1|-1|75.13163493184192|
WAIT_0: |2|24|75.13163493184192|-1|-1|75.13163493184192|
OUT_0: |2|20|62.81735348703827|11.095534480102245|86.22716941194416|74.5093910622277|


T: 77.0416354387076
IN_0: |1|23|89.31486171883317|-1|-1|-1|
IN_1: |2|26|80.2423785639571|-1|-1|-1|
WAIT_0: |2|24|75.13163493184192|-1|-1|75.13163493184192|
WAIT_0: |2|24|75.13163493184192|-1|-1|75.13163493184192|
OUT_0: |2|20|62.81735348703827|9.18553397323656|86.22716941194416|74.5093910622277|


T: 80.2423785639571
IN_0: |1|23|89.31486171883317|-1|-1|-1|
IN_1: |2|27|81.2614605766762|-1|-1|-1|
WAIT_0: |2|24|75.13163493184192|-1|-1|75.13163493184192|
WAIT_0: |2|24|75.13163493184192|-1|-1|75.13163493184192|
OUT_0: |2|20|62.81735348703827|5.984790847987057|86.22716941194416|74.5093910622277|


T: 81.2614605766762
IN_0: |1|23|89.31486171883317|-1|-1|-1|
IN_1: |2|28|82.86405100666754|-1|-1|-1|
WAIT_0: |2|24|75.13163493184192|-1|-1|75.13163493184192|
WAIT_0: |2|24|75.13163493184192|-1|-1|75.13163493184192|
OUT_0: |2|20|62.81735348703827|4.965708835267961|86.22716941194416|74.5093910622277|


T: 82.86405100666754
IN_0: |1|23|89.31486171883317|-1|-1|-1|
IN_1: |2|29|84.81514472804241|-1|-1|-1|
WAIT_0: |2|24|75.13163493184192|-1|-1|75.13163493184192|
WAIT_0: |2|24|75.13163493184192|-1|-1|75.13163493184192|
OUT_0: |2|20|62.81735348703827|3.363118405276623|86.22716941194416|74.5093910622277|


T: 84.81514472804241
IN_0: |1|23|89.31486171883317|-1|-1|-1|
IN_1: |2|30|85.8869918662689|-1|-1|-1|
WAIT_0: |2|24|75.13163493184192|-1|-1|75.13163493184192|
WAIT_0: |2|24|75.13163493184192|-1|-1|75.13163493184192|
OUT_0: |2|20|62.81735348703827|1.4120246839017483|86.22716941194416|74.5093910622277|


T: 85.8869918662689
IN_0: |1|23|89.31486171883317|-1|-1|-1|
IN_1: |2|31|111.70735036519775|-1|-1|-1|
WAIT_0: |2|24|75.13163493184192|-1|-1|75.13163493184192|
WAIT_0: |2|24|75.13163493184192|-1|-1|75.13163493184192|
OUT_0: |2|20|62.81735348703827|0.34017754567526026|86.22716941194416|74.5093910622277|


T: 86.22716941194416
IN_0: |1|23|89.31486171883317|-1|-1|-1|
IN_1: |2|31|111.70735036519775|-1|-1|-1|
WAIT_0:
WAIT_0:
OUT_0: |2|24|75.13163493184192|11.353496451841051|97.58066586378521|86.22716941194416|


T: 89.31486171883317
IN_0: |1|32|91.02789202469457|-1|-1|-1|
IN_1: |2|31|111.70735036519775|-1|-1|-1|
WAIT_0: |1|23|89.31486171883317|-1|-1|89.31486171883317|
WAIT_0: |1|23|89.31486171883317|-1|-1|89.31486171883317|
OUT_0: |2|24|75.13163493184192|8.265804144952043|97.58066586378521|86.22716941194416|


T: 91.02789202469457
IN_0: |1|33|91.81260924410168|-1|-1|-1|
IN_1: |2|31|111.70735036519775|-1|-1|-1|
WAIT_0: |1|23|89.31486171883317|-1|-1|89.31486171883317|
WAIT_0: |1|23|89.31486171883317|-1|-1|89.31486171883317|
OUT_0: |2|24|75.13163493184192|6.552773839090648|97.58066586378521|86.22716941194416|


T: 91.81260924410168
IN_0: |1|34|92.28720145199568|-1|-1|-1|
IN_1: |2|31|111.70735036519775|-1|-1|-1|
WAIT_0: |1|23|89.31486171883317|-1|-1|89.31486171883317|
WAIT_0: |1|23|89.31486171883317|-1|-1|89.31486171883317|
OUT_0: |2|24|75.13163493184192|5.768056619683534|97.58066586378521|86.22716941194416|


T: 92.28720145199568
IN_0: |1|35|92.91802022211999|-1|-1|-1|
IN_1: |2|31|111.70735036519775|-1|-1|-1|
WAIT_0: |1|23|89.31486171883317|-1|-1|89.31486171883317|
WAIT_0: |1|23|89.31486171883317|-1|-1|89.31486171883317|
OUT_0: |2|24|75.13163493184192|5.293464411789529|97.58066586378521|86.22716941194416|


T: 92.91802022211999
IN_0: |1|36|101.83740963834919|-1|-1|-1|
IN_1: |2|31|111.70735036519775|-1|-1|-1|
WAIT_0: |1|23|89.31486171883317|-1|-1|89.31486171883317|
WAIT_0: |1|23|89.31486171883317|-1|-1|89.31486171883317|
OUT_0: |2|24|75.13163493184192|4.662645641665222|97.58066586378521|86.22716941194416|


T: 97.58066586378521
IN_0: |1|36|101.83740963834919|-1|-1|-1|
IN_1: |2|31|111.70735036519775|-1|-1|-1|
WAIT_0:
WAIT_0:
OUT_0: |1|23|89.31486171883317|3.241261598025018|100.82192746181023|97.58066586378521|


T: 100.82192746181023
IN_0: |1|36|101.83740963834919|-1|-1|-1|
IN_1: |2|31|111.70735036519775|-1|-1|-1|
WAIT_0:
WAIT_0:
OUT_0:


T: 101.83740963834919
IN_0: |1|37|103.96200852352396|-1|-1|-1|
IN_1: |2|31|111.70735036519775|-1|-1|-1|
WAIT_0:
WAIT_0:
OUT_0: |1|36|101.83740963834919|5.6331500448024086|107.47055968315159|101.83740963834919|


T: 103.96200852352396
IN_0: |1|38|109.26088607946309|-1|-1|-1|
IN_1: |2|31|111.70735036519775|-1|-1|-1|
WAIT_0: |1|37|103.96200852352396|-1|-1|103.96200852352396|
WAIT_0: |1|37|103.96200852352396|-1|-1|103.96200852352396|
OUT_0: |1|36|101.83740963834919|3.508551159627629|107.47055968315159|101.83740963834919|


T: 107.47055968315159
IN_0: |1|38|109.26088607946309|-1|-1|-1|
IN_1: |2|31|111.70735036519775|-1|-1|-1|
WAIT_0:
WAIT_0:
OUT_0: |1|37|103.96200852352396|15.864880215558271|123.33543989870986|107.47055968315159|


T: 109.26088607946309
IN_0: |1|39|110.5120813047137|-1|-1|-1|
IN_1: |2|31|111.70735036519775|-1|-1|-1|
WAIT_0: |1|38|109.26088607946309|-1|-1|109.26088607946309|
WAIT_0: |1|38|109.26088607946309|-1|-1|109.26088607946309|
OUT_0: |1|37|103.96200852352396|14.074553819246773|123.33543989870986|107.47055968315159|


T: 110.5120813047137
IN_0: |1|40|115.55239232629181|-1|-1|-1|
IN_1: |2|31|111.70735036519775|-1|-1|-1|
WAIT_0: |1|38|109.26088607946309|-1|-1|109.26088607946309|
WAIT_0: |1|38|109.26088607946309|-1|-1|109.26088607946309|
OUT_0: |1|37|103.96200852352396|12.823358593996161|123.33543989870986|107.47055968315159|


T: 111.70735036519775
IN_0: |1|40|115.55239232629181|-1|-1|-1|
IN_1: |2|41|111.8396384940351|-1|-1|-1|
WAIT_0: |1|38|109.26088607946309|-1|-1|109.26088607946309|
WAIT_0: |1|38|109.26088607946309|-1|-1|109.26088607946309|
OUT_0: |1|37|103.96200852352396|11.62808953351211|123.33543989870986|107.47055968315159|


T: 111.8396384940351
IN_0: |1|40|115.55239232629181|-1|-1|-1|
IN_1: |2|42|115.25667405114316|-1|-1|-1|
WAIT_0: |1|38|109.26088607946309|-1|-1|109.26088607946309|
WAIT_0: |1|38|109.26088607946309|-1|-1|109.26088607946309|
OUT_0: |1|37|103.96200852352396|11.495801404674765|123.33543989870986|107.47055968315159|


T: 115.25667405114316
IN_0: |1|40|115.55239232629181|-1|-1|-1|
IN_1: |2|43|119.52152894574665|-1|-1|-1|
WAIT_0: |1|38|109.26088607946309|-1|-1|109.26088607946309|
WAIT_0: |1|38|109.26088607946309|-1|-1|109.26088607946309|
OUT_0: |1|37|103.96200852352396|8.0787658475667|123.33543989870986|107.47055968315159|


T: 115.55239232629181
IN_0: |1|44|117.98257634933924|-1|-1|-1|
IN_1: |2|43|119.52152894574665|-1|-1|-1|
WAIT_0: |1|38|109.26088607946309|-1|-1|109.26088607946309|
WAIT_0: |1|38|109.26088607946309|-1|-1|109.26088607946309|
OUT_0: |1|37|103.96200852352396|7.783047572418056|123.33543989870986|107.47055968315159|


T: 117.98257634933924
IN_0: |1|45|121.76552715042595|-1|-1|-1|
IN_1: |2|43|119.52152894574665|-1|-1|-1|
WAIT_0: |1|38|109.26088607946309|-1|-1|109.26088607946309|
WAIT_0: |1|38|109.26088607946309|-1|-1|109.26088607946309|
OUT_0: |1|37|103.96200852352396|5.352863549370625|123.33543989870986|107.47055968315159|


T: 119.52152894574665
IN_0: |1|45|121.76552715042595|-1|-1|-1|
IN_1: |2|46|122.07966985791062|-1|-1|-1|
WAIT_0: |1|38|109.26088607946309|-1|-1|109.26088607946309|
WAIT_0: |1|38|109.26088607946309|-1|-1|109.26088607946309|
OUT_0: |1|37|103.96200852352396|3.8139109529632123|123.33543989870986|107.47055968315159|


T: 121.76552715042595
IN_0: |1|47|140.62041847425408|-1|-1|-1|
IN_1: |2|46|122.07966985791062|-1|-1|-1|
WAIT_0: |1|38|109.26088607946309|-1|-1|109.26088607946309|
WAIT_0: |1|38|109.26088607946309|-1|-1|109.26088607946309|
OUT_0: |1|37|103.96200852352396|1.5699127482839117|123.33543989870986|107.47055968315159|


T: 122.07966985791062
IN_0: |1|47|140.62041847425408|-1|-1|-1|
IN_1: |2|48|122.54471025101806|-1|-1|-1|
WAIT_0: |1|38|109.26088607946309|-1|-1|109.26088607946309|
WAIT_0: |1|38|109.26088607946309|-1|-1|109.26088607946309|
OUT_0: |1|37|103.96200852352396|1.2557700407992485|123.33543989870986|107.47055968315159|


T: 122.54471025101806
IN_0: |1|47|140.62041847425408|-1|-1|-1|
IN_1: |2|49|130.5563297663933|-1|-1|-1|
WAIT_0: |1|38|109.26088607946309|-1|-1|109.26088607946309|
WAIT_0: |1|38|109.26088607946309|-1|-1|109.26088607946309|
OUT_0: |1|37|103.96200852352396|0.7907296476918049|123.33543989870986|107.47055968315159|


T: 123.33543989870986
IN_0: |1|47|140.62041847425408|-1|-1|-1|
IN_1: |2|49|130.5563297663933|-1|-1|-1|
WAIT_0:
WAIT_0:
OUT_0: |1|38|109.26088607946309|18.292493113263614|141.62793301197348|123.33543989870986|


T: 130.5563297663933
IN_0: |1|47|140.62041847425408|-1|-1|-1|
IN_1: |2|50|134.34022231373265|-1|-1|-1|
WAIT_0: |2|49|130.5563297663933|-1|-1|130.5563297663933|
WAIT_0: |2|49|130.5563297663933|-1|-1|130.5563297663933|
OUT_0: |1|38|109.26088607946309|11.071603245580178|141.62793301197348|123.33543989870986|


T: 134.34022231373265
IN_0: |1|47|140.62041847425408|-1|-1|-1|
IN_1: |2|51|146.47755912050619|-1|-1|-1|
WAIT_0: |2|49|130.5563297663933|-1|-1|130.5563297663933|
WAIT_0: |2|49|130.5563297663933|-1|-1|130.5563297663933|
OUT_0: |1|38|109.26088607946309|7.287710698240829|141.62793301197348|123.33543989870986|


T: 140.62041847425408
IN_0: |1|52|145.55147161639798|-1|-1|-1|
IN_1: |2|51|146.47755912050619|-1|-1|-1|
WAIT_0: |2|49|130.5563297663933|-1|-1|130.5563297663933|
WAIT_0: |2|49|130.5563297663933|-1|-1|130.5563297663933|
OUT_0: |1|38|109.26088607946309|1.007514537719402|141.62793301197348|123.33543989870986|


T: 141.62793301197348
IN_0: |1|52|145.55147161639798|-1|-1|-1|
IN_1: |2|51|146.47755912050619|-1|-1|-1|
WAIT_0:
WAIT_0:
OUT_0: |2|49|130.5563297663933|4.853416928979417|146.4813499409529|141.62793301197348|


T: 145.55147161639798
IN_0: |1|53|161.51729475278947|-1|-1|-1|
IN_1: |2|51|146.47755912050619|-1|-1|-1|
WAIT_0: |1|52|145.55147161639798|-1|-1|145.55147161639798|
WAIT_0: |1|52|145.55147161639798|-1|-1|145.55147161639798|
OUT_0: |2|49|130.5563297663933|0.9298783245549203|146.4813499409529|141.62793301197348|


T: 146.47755912050619
IN_0: |1|53|161.51729475278947|-1|-1|-1|
IN_1: |2|54|150.014755679935|-1|-1|-1|
WAIT_0: |1|52|145.55147161639798|-1|-1|145.55147161639798|
WAIT_0: |1|52|145.55147161639798|-1|-1|145.55147161639798|
OUT_0: |2|49|130.5563297663933|0.003790820446710086|146.4813499409529|141.62793301197348|


T: 146.4813499409529
IN_0: |1|53|161.51729475278947|-1|-1|-1|
IN_1: |2|54|150.014755679935|-1|-1|-1|
WAIT_0:
WAIT_0:
OUT_0: |1|52|145.55147161639798|8.860672026113487|155.3420219670664|146.4813499409529|


T: 150.014755679935
IN_0: |1|53|161.51729475278947|-1|-1|-1|
IN_1: |2|55|152.42968246133944|-1|-1|-1|
WAIT_0: |2|54|150.014755679935|-1|-1|150.014755679935|
WAIT_0: |2|54|150.014755679935|-1|-1|150.014755679935|
OUT_0: |1|52|145.55147161639798|5.32726628713138|155.3420219670664|146.4813499409529|


T: 152.42968246133944
IN_0: |1|53|161.51729475278947|-1|-1|-1|
IN_1: |2|56|177.72307855668979|-1|-1|-1|
WAIT_0: |2|54|150.014755679935|-1|-1|150.014755679935|
WAIT_0: |2|54|150.014755679935|-1|-1|150.014755679935|
OUT_0: |1|52|145.55147161639798|2.9123395057269477|155.3420219670664|146.4813499409529|


T: 155.3420219670664
IN_0: |1|53|161.51729475278947|-1|-1|-1|
IN_1: |2|56|177.72307855668979|-1|-1|-1|
WAIT_0:
WAIT_0:
OUT_0: |2|54|150.014755679935|2.284565600343698|157.6265875674101|155.3420219670664|


T: 157.6265875674101
IN_0: |1|53|161.51729475278947|-1|-1|-1|
IN_1: |2|56|177.72307855668979|-1|-1|-1|
WAIT_0:
WAIT_0:
OUT_0:


T: 161.51729475278947
IN_0: |1|57|167.3532856729269|-1|-1|-1|
IN_1: |2|56|177.72307855668979|-1|-1|-1|
WAIT_0:
WAIT_0:
OUT_0: |1|53|161.51729475278947|10.554536325296736|172.0718310780862|161.51729475278947|


T: 167.3532856729269
IN_0: |1|58|169.81562092724013|-1|-1|-1|
IN_1: |2|56|177.72307855668979|-1|-1|-1|
WAIT_0: |1|57|167.3532856729269|-1|-1|167.3532856729269|
WAIT_0: |1|57|167.3532856729269|-1|-1|167.3532856729269|
OUT_0: |1|53|161.51729475278947|4.718545405159318|172.0718310780862|161.51729475278947|


T: 169.81562092724013
IN_0: |1|59|171.42107753495557|-1|-1|-1|
IN_1: |2|56|177.72307855668979|-1|-1|-1|
WAIT_0: |1|57|167.3532856729269|-1|-1|167.3532856729269|
WAIT_0: |1|57|167.3532856729269|-1|-1|167.3532856729269|
OUT_0: |1|53|161.51729475278947|2.256210150846073|172.0718310780862|161.51729475278947|


T: 171.42107753495557
IN_0: |1|60|176.71427472279072|-1|-1|-1|
IN_1: |2|56|177.72307855668979|-1|-1|-1|
WAIT_0: |1|57|167.3532856729269|-1|-1|167.3532856729269|
WAIT_0: |1|57|167.3532856729269|-1|-1|167.3532856729269|
OUT_0: |1|53|161.51729475278947|0.6507535431306337|172.0718310780862|161.51729475278947|


T: 172.0718310780862
IN_0: |1|60|176.71427472279072|-1|-1|-1|
IN_1: |2|56|177.72307855668979|-1|-1|-1|
WAIT_0:
WAIT_0:
OUT_0: |1|57|167.3532856729269|3.574168255002549|175.64599933308875|172.0718310780862|


T: 175.64599933308875
IN_0: |1|60|176.71427472279072|-1|-1|-1|
IN_1: |2|56|177.72307855668979|-1|-1|-1|
WAIT_0:
WAIT_0:
OUT_0:


T: 176.71427472279072
IN_0: |1|61|214.62880249075792|-1|-1|-1|
IN_1: |2|56|177.72307855668979|-1|-1|-1|
WAIT_0:
WAIT_0:
OUT_0: |1|60|176.71427472279072|2.324517744379022|179.03879246716974|176.71427472279072|


T: 177.72307855668979
IN_0: |1|61|214.62880249075792|-1|-1|-1|
IN_1: |2|62|177.77446516056847|-1|-1|-1|
WAIT_0: |2|56|177.72307855668979|-1|-1|177.72307855668979|
WAIT_0: |2|56|177.72307855668979|-1|-1|177.72307855668979|
OUT_0: |1|60|176.71427472279072|1.315713910479957|179.03879246716974|176.71427472279072|


T: 177.77446516056847
IN_0: |1|61|214.62880249075792|-1|-1|-1|
IN_1: |2|63|184.14704095846983|-1|-1|-1|
WAIT_0: |2|56|177.72307855668979|-1|-1|177.72307855668979|
WAIT_0: |2|56|177.72307855668979|-1|-1|177.72307855668979|
OUT_0: |1|60|176.71427472279072|1.264327306601274|179.03879246716974|176.71427472279072|


T: 179.03879246716974
IN_0: |1|61|214.62880249075792|-1|-1|-1|
IN_1: |2|63|184.14704095846983|-1|-1|-1|
WAIT_0:
WAIT_0:
OUT_0: |2|56|177.72307855668979|0.7843447423680281|179.82313720953778|179.03879246716974|


T: 179.82313720953778
IN_0: |1|61|214.62880249075792|-1|-1|-1|
IN_1: |2|63|184.14704095846983|-1|-1|-1|
WAIT_0:
WAIT_0:
OUT_0:


T: 184.14704095846983
IN_0: |1|61|214.62880249075792|-1|-1|-1|
IN_1: |2|64|189.03026630448085|-1|-1|-1|
WAIT_0:
WAIT_0:
OUT_0: |2|63|184.14704095846983|6.335093004634729|190.48213396310456|184.14704095846983|


T: 189.03026630448085
IN_0: |1|61|214.62880249075792|-1|-1|-1|
IN_1: |2|65|191.11296281048394|-1|-1|-1|
WAIT_0: |2|64|189.03026630448085|-1|-1|189.03026630448085|
WAIT_0: |2|64|189.03026630448085|-1|-1|189.03026630448085|
OUT_0: |2|63|184.14704095846983|1.451867658623712|190.48213396310456|184.14704095846983|


T: 190.48213396310456
IN_0: |1|61|214.62880249075792|-1|-1|-1|
IN_1: |2|65|191.11296281048394|-1|-1|-1|
WAIT_0:
WAIT_0:
OUT_0: |2|64|189.03026630448085|9.620885509268826|200.10301947237338|190.48213396310456|


T: 191.11296281048394
IN_0: |1|61|214.62880249075792|-1|-1|-1|
IN_1: |2|66|208.74026412023312|-1|-1|-1|
WAIT_0: |2|65|191.11296281048394|-1|-1|191.11296281048394|
WAIT_0: |2|65|191.11296281048394|-1|-1|191.11296281048394|
OUT_0: |2|64|189.03026630448085|8.99005666188944|200.10301947237338|190.48213396310456|


T: 200.10301947237338
IN_0: |1|61|214.62880249075792|-1|-1|-1|
IN_1: |2|66|208.74026412023312|-1|-1|-1|
WAIT_0:
WAIT_0:
OUT_0: |2|65|191.11296281048394|22.23431119053184|222.33733066290523|200.10301947237338|


T: 208.74026412023312
IN_0: |1|61|214.62880249075792|-1|-1|-1|
IN_1: |2|67|208.77723953602566|-1|-1|-1|
WAIT_0: |2|66|208.74026412023312|-1|-1|208.74026412023312|
WAIT_0: |2|66|208.74026412023312|-1|-1|208.74026412023312|
OUT_0: |2|65|191.11296281048394|13.59706654267211|222.33733066290523|200.10301947237338|


T: 208.77723953602566
IN_0: |1|61|214.62880249075792|-1|-1|-1|
IN_1: |2|68|223.74034894285631|-1|-1|-1|
WAIT_0: |2|66|208.74026412023312|-1|-1|208.74026412023312|
WAIT_0: |2|66|208.74026412023312|-1|-1|208.74026412023312|
OUT_0: |2|65|191.11296281048394|13.56009112687957|222.33733066290523|200.10301947237338|


T: 214.62880249075792
IN_0: |1|69|222.1405500276406|-1|-1|-1|
IN_1: |2|68|223.74034894285631|-1|-1|-1|
WAIT_0: |2|66|208.74026412023312|-1|-1|208.74026412023312|
WAIT_0: |2|66|208.74026412023312|-1|-1|208.74026412023312|
OUT_0: |2|65|191.11296281048394|7.708528172147311|222.33733066290523|200.10301947237338|


T: 222.1405500276406
IN_0: |1|70|222.5173706742416|-1|-1|-1|
IN_1: |2|68|223.74034894285631|-1|-1|-1|
WAIT_0: |2|66|208.74026412023312|-1|-1|208.74026412023312|
WAIT_0: |2|66|208.74026412023312|-1|-1|208.74026412023312|
OUT_0: |2|65|191.11296281048394|0.19678063526464484|222.33733066290523|200.10301947237338|


T: 222.33733066290523
IN_0: |1|70|222.5173706742416|-1|-1|-1|
IN_1: |2|68|223.74034894285631|-1|-1|-1|
WAIT_0:
WAIT_0:
OUT_0: |2|66|208.74026412023312|1.8229238456580816|224.1602545085633|222.33733066290523|


T: 222.5173706742416
IN_0: |1|71|240.9820165674862|-1|-1|-1|
IN_1: |2|68|223.74034894285631|-1|-1|-1|
WAIT_0: |1|70|222.5173706742416|-1|-1|222.5173706742416|
WAIT_0: |1|70|222.5173706742416|-1|-1|222.5173706742416|
OUT_0: |2|66|208.74026412023312|1.642883834321708|224.1602545085633|222.33733066290523|


T: 223.74034894285631
IN_0: |1|71|240.9820165674862|-1|-1|-1|
IN_1: |2|72|225.16610525276178|-1|-1|-1|
WAIT_0: |1|70|222.5173706742416|-1|-1|222.5173706742416|
WAIT_0: |1|70|222.5173706742416|-1|-1|222.5173706742416|
OUT_0: |2|66|208.74026412023312|0.41990556570698345|224.1602545085633|222.33733066290523|


T: 224.1602545085633
IN_0: |1|71|240.9820165674862|-1|-1|-1|
IN_1: |2|72|225.16610525276178|-1|-1|-1|
WAIT_0:
WAIT_0:
OUT_0: |1|70|222.5173706742416|1.3174787332240698|225.47773324178738|224.1602545085633|


T: 225.16610525276178
IN_0: |1|71|240.9820165674862|-1|-1|-1|
IN_1: |2|73|225.89782789617206|-1|-1|-1|
WAIT_0: |2|72|225.16610525276178|-1|-1|225.16610525276178|
WAIT_0: |2|72|225.16610525276178|-1|-1|225.16610525276178|
OUT_0: |1|70|222.5173706742416|0.3116279890255953|225.47773324178738|224.1602545085633|


T: 225.47773324178738
IN_0: |1|71|240.9820165674862|-1|-1|-1|
IN_1: |2|73|225.89782789617206|-1|-1|-1|
WAIT_0:
WAIT_0:
OUT_0: |2|72|225.16610525276178|1.4741813795868999|226.95191462137427|225.47773324178738|


T: 225.89782789617206
IN_0: |1|71|240.9820165674862|-1|-1|-1|
IN_1: |2|74|233.5865483629664|-1|-1|-1|
WAIT_0: |2|73|225.89782789617206|-1|-1|225.89782789617206|
WAIT_0: |2|73|225.89782789617206|-1|-1|225.89782789617206|
OUT_0: |2|72|225.16610525276178|1.054086725202211|226.95191462137427|225.47773324178738|

